1392154889 821
1392156242 861
1392156254 865
1392156762 865
1392160847 867
1392161066 869
1392161144 870
1392161372 869
1393879569 1104
1394045894 1404
1394132875 1404
1394380789 1750
1394381266 1753
1394381507 1753
1394381858 1753
1394382058 1753
1394474883 1838
1394477454 1876
1394477639 1876
1394479496 1897
1394557220 1997
1394564809 1998
1394566362 2004
1394566390 2023
1394570090 2048
1394570135 2107
1394576125 2566
1394647487 2641
1394647734 2640
1394652687 2640
1394652957 2597
1394653702 2605
1394658379 2622
1394668833 2622
1394716834 2624
1394716856 2628
1394719773 2629
1394721140 2645
1395157070 2670
1395157178 2642
1395157275 2976
1395158263 2976
1395158458 2976
1395162079 2978
1395162329 2978
1395166552 2984
1395166581 2983
1395166638 2995
1395166660 2995
1395171178 2994
1395171235 3013
1395175313 3017
1395175355 3438
1395175381 3442
1395175728 3442
1395279150 3457
1395279525 3456
1395279891 3456
1395280647 3456
1395280711 3456
1395280937 3456
1395281356 3456
1395281671 3455
1395283471 3451
1395283749 3441
1395323121 3442
1395323231 3702
1395323840 3675
1395425536 4110
1395429168 4074
1395429191 4074
1395429215 4074
1395430464 4101
1395435042 4005
1395435103 4062
1395435832 4055
1395435882 4081
1395590895 4216
1395591099 4216
1395686476 4201
1395687535 4263
1395693920 4292
1395693957 4292
1395695073 4292
1395753887 4293
1395756295 4306
1395756322 4303
1395760740 4306
1395778232 4460
1395781891 4468
1395787755 4508
1395788587 4508
1395788624 4503
1395849780 4530
1395850005 4537
1395856768 4537
1395856798 4536
1395856824 4554
1395861805 4662
1395863257 4662
1395868994 4662
1395869014 4663
1395945570 4664
1395945594 4664
1395945627 4664
1395946161 4665
1395946735 4670
1396015389 4670
1396015709 4675
1396016635 4677
1396016696 4676
1396035364 4676
1396036414 4782
1396372072 4783
1396407444 4783
1396407471 4783
1396490879 4783
1396490951 4788
1398178284 4882
1398179392 4882
1398350291 4886
1399056888 5002
1399056919 5002
1399504794 5014
1399504953 5017
1401211127 5017
1401211170 5040
1401219581 5043
1401220436 5044
1401220908 5062
1401297555 5097
1401299582 5097
1401389206 5100
1401391040 5103
1401394387 5103
1401395372 5103
1401397859 5148
1401735023 5154
1401737184 5156
1401985174 5201
1402419485 5299
1402426865 5309
1402426934 5311
1402427185 5315
1402427223 5299
1402432801 5301
1402432875 5303
1402437873 5304
1402536545 5264
1402768318 5257
1402768496 5287
1402838786 5308
1402850366 5308
1402857135 5297
1402857219 5323
1402863285 5323
1402863666 5375
1402966166 5399
1403059048 5399
1403063058 5441
1403098946 5459
1403137380 5476
1404322833 5491
1404323061 5492
1404326744 5492
1404330264 5497
1404400100 5509
1404400399 5631
1404482716 5627
1404482735 5627
1404482773 5627
1404581334 5689
1404661126 5737
1404663858 5737
1404664246 5737
1404664532 5737
1404668162 5670
1404676357 5675
1404677502 5675
1404834820 5691
1404837902 5691
1405097778 5697
1405441725 5697
1405453601 5697
1405453978 5697
1405459145 5702
1405461209 5726
1405461725 5730
1405462674 5737
1405520707 5737
1405524747 5741
1405528411 5755
1405530572 5741
1405545375 5767
1405549270 5777
1405619246 5777
1405622275 5786
1405623333 5789
1405707321 5876
1406040733 5876
1406040780 5876
1406146211 5872
1406151405 5872
1406151909 5874
1406153441 5875
1406153760 5878
1406154107 5874
1406154486 5873
1406213190 5873
1406213209 5871
1406213350 5871
1406214985 5878
1406248935 5878
1406568478 5886
1406568515 5886
1406751339 5919
1406751357 5919
1406818771 6593
1406818869 6593
1406837714 6667
1406902589 6666
1406919797 6667
1406920427 6645
1407182175 6684
1407182423 6684
1407182460 6684
1407419456 6683
1407432635 6685
1407437859 6686
1407441014 6686
1407510680 6533
1407510820 6533
1407511505 6548
1408065581 6550
1408646517 6555
1408647665 6557
1409227632 6557
1409228796 6557
1409229416 6559
1409230858 6567
1409231303 6567
1409857637 6567
1409858861 6567
1412369529 6574
1412607136 6575
1412608150 6565
1413483552 6565
1414006790 6574
