1399654465 1
1399654620 2
1399661142 3
1399661248 4
1399661289 5
1399662890 6
1399663759 7
1400097836 8
1400097951 9
1400098209 10
1400098351 11
1400620511 12
1400692375 13
1400692514 14
1401481193 15
1401481251 16
1403142661 17
1404838982 18
1404839072 19
1405105273 20
1405108098 21
1405108626 22
1405110497 23
1405452746 24
1405616196 25
1405616512 26
1405616545 27
1405616583 28
1405619199 29
1405619729 30
1405619769 31
1405623118 32
1405628084 33
1405629625 34
1405707161 35
1406047869 36
1406049395 37
1406052450 38
1406053714 39
1406053743 40
1406066763 41
1406070154 42
1406070173 43
1406072121 44
1406072146 45
1406073348 46
1406074651 47
1406074762 48
1406145939 49
1406149687 50
1406150111 51
1406150464 52
1406150500 53
1406154474 54
1406154563 55
1406213077 56
1406213319 57
1406214447 58
1406214700 59
1406226386 60
1406299768 61
1406300292 62
1406751223 63
1406755591 64
1406755605 65
1406768135 66
1406768450 67
1406818700 68
1406837118 69
1406838645 70
1406840253 71
1406840331 72
1406840482 73
1406906327 74
1406913055 75
1406916152 76
1406919523 77
1406920454 78
1406922585 79
1407186851 80
1407440847 81
1407441211 82
1407464160 83
1407464742 84
1407511022 85
1407511462 86
1407948901 87
1407949000 88
1407950256 89
1407962525 90
1407964053 91
1407968051 92
1407982089 93
1408040585 94
1408040895 95
1408041189 96
1408042406 97
1408044303 98
1408064489 99
1408065558 100
1408066285 101
1408643463 102
1408644817 103
1409227670 104
1409228770 105
1409229444 106
1409230788 107
1409857586 108
1409858840 109
1412365049 110
1412365635 111
1412604607 112
1412605292 113
1412607123 114
1412608120 115
1412618593 116
