1399654465 4
1399654620 2117
1399661142 2393
1399661248 2405
1399661289 2405
1399662890 2418
1399663759 2418
1400097836 2606
1400097951 2610
1400098209 2610
1400098351 2617
1400620511 2639
1400692375 2657
1400692514 2657
1401481193 2758
1401481251 2772
1403142661 2772
1404838982 3266
1404839072 3266
1405105273 3270
1405108098 3283
1405108626 3283
1405110497 3283
1405452746 3283
1405616196 3283
1405616512 3308
1405616545 3308
1405616583 3308
1405619199 3308
1405619729 3308
1405619769 3310
1405623118 3313
1405628084 3339
1405629625 3343
1405707161 3408
1406047869 3465
1406049395 3489
1406052450 3489
1406053714 3497
1406053743 3497
1406066763 3615
1406070154 3685
1406070173 3685
1406072121 3693
1406072146 3743
1406073348 3753
1406074651 3751
1406074762 3750
1406145939 3756
1406149687 3757
1406150111 4392
1406150464 4393
1406150500 4393
1406154474 4402
1406154563 4403
1406213077 4403
1406213319 4403
1406214447 4407
1406214700 4410
1406226386 4416
1406299768 4476
1406300292 4476
1406751223 4569
1406755591 4593
1406755605 4594
1406768135 4592
1406768450 4596
1406818700 5270
1406837118 5308
1406838645 5301
1406840253 5541
1406840331 5541
1406840482 5554
1406906327 5553
1406913055 5555
1406916152 5563
1406919523 5564
1406920454 5564
1406922585 5564
1407186851 5564
1407440847 5564
1407441211 5600
1407464160 5600
1407464742 5601
1407511022 5601
1407511462 5616
1407948901 5661
1407949000 5661
1407950256 5892
1407962525 5896
1407964053 5897
1407968051 5900
1407982089 5902
1408040585 5914
1408040895 5915
1408041189 5957
1408042406 5975
1408044303 6025
1408064489 6056
1408065558 6058
1408066285 6062
1408643463 6063
1408644817 6066
1409227670 6066
1409228770 6066
1409229444 6068
1409230788 6076
1409857586 6076
1409858840 6076
1412365049 6077
1412365635 6081
1412604607 6088
1412605292 6088
1412607123 6089
1412608120 6079
1412618593 6079
