1399654465 4
1399654620 2117
1399661142 2393
1399661248 2405
1399661289 2406
1399662890 2424
1399663759 2425
1400097836 2613
1400097951 2622
1400098209 2623
1400098351 2630
1400620511 2661
1400692375 2679
1400692514 2683
1401481193 2801
1401481251 2819
1403142661 2821
1404838982 3505
1404839072 3506
1405105273 3511
1405108098 3524
1405108626 3527
1405110497 3528
1405452746 3534
1405616196 5714
1405616512 5911
1405616545 6042
1405616583 6057
1405619199 6058
1405619729 6073
1405619769 6075
1405623118 6078
1405628084 6122
1405629625 6129
1405707161 6195
1406047869 6269
1406049395 6297
1406052450 6298
1406053714 6317
1406053743 6318
1406066763 6436
1406070154 6519
1406070173 6521
1406072121 6529
1406072146 6585
1406073348 6597
1406074651 6597
1406074762 6599
1406145939 6607
1406149687 6610
1406150111 7245
1406150464 7250
1406150500 7251
1406154474 7260
1406154563 7261
1406213077 7262
1406213319 7263
1406214447 7268
1406214700 7274
1406226386 7283
1406299768 7344
1406300292 7346
1406751223 7529
1406755591 7595
1406755605 7597
1406768135 7601
1406768450 7611
1406818700 8285
1406837118 8323
1406838645 8323
1406840253 8563
1406840331 8584
1406840482 8597
1406906327 8602
1406913055 8605
1406916152 8616
1406919523 8617
1406920454 8619
1406922585 8623
1407186851 8625
1407440847 8629
1407441211 8665
1407464160 8668
1407464742 8670
1407511022 8671
1407511462 8774
1407948901 8819
1407949000 8820
1407950256 9091
1407962525 9102
1407964053 9112
1407968051 9115
1407982089 9117
1408040585 9129
1408040895 9132
1408041189 9177
1408042406 9195
1408044303 9245
1408064489 9278
1408065558 9281
1408066285 9286
1408643463 9291
1408644817 9300
1409227670 9301
1409228770 9305
1409229444 9307
1409230788 9319
1409857586 9323
1409858840 9325
1412365049 9326
1412365635 9331
1412604607 9344
1412605292 9376
1412607123 9377
1412608120 9388
1412618593 9389
