1406303132 1
1406399537 2
1406751180 3
1406755662 4
1406755685 5
1406818808 6
1406835820 7
1406836313 8
1406912593 9
1406919835 10
1406920309 11
1406923622 12
1407207071 13
1407208293 14
1407261656 15
1407261701 16
1407263897 17
1407291206 18
1407291433 19
1407291675 20
1407417759 21
1407419089 22
1407419141 23
1407424647 24
1407431878 25
1407432244 26
1407434295 27
1407437960 28
1407511113 29
1407511174 30
1407511243 31
1408043638 32
1408043664 33
1408056220 34
1408065608 35
1408468948 36
1408469351 37
1408470005 38
1408470577 39
1408644267 40
1408646543 41
1408646576 42
1408647104 43
1409227392 44
1409228784 45
1409229390 46
1409230832 47
1409231403 48
1409857667 49
1409858875 50
1409861360 51
1412603670 52
1412605379 53
1412607155 54
1412608209 55
