1406303132 0
1406399537 777
1406751180 1210
1406755662 1291
1406755685 1295
1406818808 1969
1406835820 2097
1406836313 5167
1406912593 5170
1406919835 5171
1406920309 5173
1406923622 5290
1407207071 5316
1407208293 5321
1407261656 5542
1407261701 5544
1407263897 5613
1407291206 5631
1407291433 5728
1407291675 5734
1407417759 5975
1407419089 6000
1407419141 6001
1407424647 6027
1407431878 6160
1407432244 6161
1407434295 6533
1407437960 6576
1407511113 6576
1407511174 6577
1407511243 6578
1408043638 6625
1408043664 6626
1408056220 7024
1408065608 7027
1408468948 7028
1408469351 7044
1408470005 7045
1408470577 7049
1408644267 7058
1408646543 7059
1408646576 7068
1408647104 7069
1409227392 7070
1409228784 7074
1409229390 7076
1409230832 7088
1409231403 7089
1409857667 7093
1409858875 7095
1409861360 7096
1412603670 7111
1412605379 7112
1412607155 7113
1412608209 7124
