1406303132 0
1406399537 777
1406751180 1205
1406755662 1254
1406755685 1254
1406818808 1928
1406835820 2049
1406836313 5119
1406912593 5119
1406919835 5120
1406920309 5120
1406923622 5134
1407207071 5152
1407208293 5156
1407261656 5372
1407261701 5372
1407263897 5415
1407291206 5424
1407291433 5507
1407291675 5505
1407417759 5706
1407419089 5701
1407419141 5694
1407424647 5705
1407431878 5828
1407432244 5827
1407434295 6189
1407437960 6212
1407511113 6003
1407511174 6003
1407511243 6003
1408043638 6050
1408043664 6050
1408056220 6123
1408065608 6125
1408468948 6125
1408469351 6128
1408470005 6128
1408470577 6130
1408644267 6134
1408646543 6134
1408646576 6139
1408647104 6140
1409227392 6140
1409228784 6140
1409229390 6142
1409230832 6150
1409231403 6150
1409857667 6150
1409858875 6150
1409861360 6150
1412603670 6158
1412605379 6158
1412607155 6159
1412608209 6149
